# anchor_prototypes flattened values
-60.00000000 -40.00000000 0.78999996 11.65999985 2.63000011 3.57999992 0.00000000
-60.00000000 -40.00000000 0.78999996 11.65999985 2.63000011 3.57999992 1.57000005
-60.00000000 -40.00000000 -0.14499998 4.57000017 1.79999995 1.71000004 0.00000000
-60.00000000 -40.00000000 -0.14499998 4.57000017 1.79999995 1.71000004 1.57000005
-60.00000000 -40.00000000 0.95500004 7.98999977 2.72000003 3.91000009 0.00000000
-60.00000000 -40.00000000 0.95500004 7.98999977 2.72000003 3.91000009 1.57000005
-60.00000000 -40.00000000 0.61000001 0.47999999 2.18000007 3.22000003 0.00000000
-60.00000000 -40.00000000 0.61000001 0.47999999 2.18000007 3.22000003 1.57000005
-60.00000000 -40.00000000 1.65499997 7.69000006 4.96999979 5.30999994 0.00000000
-60.00000000 -40.00000000 1.65499997 7.69000006 4.96999979 5.30999994 1.57000005
-60.00000000 -40.00000000 0.97000003 13.26000023 2.58999991 3.94000006 0.00000000
-60.00000000 -40.00000000 0.97000003 13.26000023 2.58999991 3.94000006 1.57000005
-60.00000000 -40.00000000 -0.27499998 0.63999999 0.52999997 1.45000005 0.00000000
-60.00000000 -40.00000000 -0.27499998 0.63999999 0.52999997 1.45000005 1.57000005
-60.00000000 -40.00000000 -0.09500003 0.75999999 0.76999998 1.80999994 0.00000000
-60.00000000 -40.00000000 -0.09500003 0.75999999 0.76999998 1.80999994 1.57000005
-60.00000000 -40.00000000 -0.29000002 0.62000000 2.25999999 1.41999996 0.00000000
-60.00000000 -40.00000000 -0.29000002 0.62000000 2.25999999 1.41999996 1.57000005
-60.00000000 -40.00000000 3.02500010 6.92000008 7.63000011 8.05000019 0.00000000
-60.00000000 -40.00000000 3.02500010 6.92000008 7.63000011 8.05000019 1.57000005
-60.00000000 -40.00000000 0.80999994 12.01000023 2.66000009 3.61999989 0.00000000
-60.00000000 -40.00000000 0.80999994 12.01000023 2.66000009 3.61999989 1.57000005
-60.00000000 -40.00000000 1.44499993 213.11999512 2.95000005 4.88999987 0.00000000
-60.00000000 -40.00000000 1.44499993 213.11999512 2.95000005 4.88999987 1.57000005
-60.00000000 -40.00000000 -0.21499997 1.87000000 0.67000002 1.57000005 0.00000000
-60.00000000 -40.00000000 -0.21499997 1.87000000 0.67000002 1.57000005 1.57000005
-60.00000000 -40.00000000 -0.16500002 3.95000005 2.95000005 1.66999996 0.00000000
-60.00000000 -40.00000000 -0.16500002 3.95000005 2.95000005 1.66999996 1.57000005
-60.00000000 -40.00000000 0.17499995 5.67999983 2.00999999 2.34999990 0.00000000
-60.00000000 -40.00000000 0.17499995 5.67999983 2.00999999 2.34999990 1.57000005
-60.00000000 -40.00000000 -0.35500002 1.11000001 0.80000001 1.28999996 0.00000000
-60.00000000 -40.00000000 -0.35500002 1.11000001 0.80000001 1.28999996 1.57000005
-60.00000000 -40.00000000 -0.19999999 2.36999989 0.86000001 1.60000002 0.00000000
-60.00000000 -40.00000000 -0.19999999 2.36999989 0.86000001 1.60000002 1.57000005
-60.00000000 -40.00000000 -0.48000002 1.91999996 0.69000000 1.03999996 0.00000000
-60.00000000 -40.00000000 -0.48000002 1.91999996 0.69000000 1.03999996 1.57000005
-60.00000000 -40.00000000 -0.38000000 0.86000001 0.73000002 1.24000001 0.00000000
-60.00000000 -40.00000000 -0.38000000 0.86000001 0.73000002 1.24000001 1.57000005
